3492
3824
8579
6803
5371
277
393
5430
6916
1986
9727
8722
5660
1562
7587
3077
9601
7524
8947
6163
5973
5514
3464
4467
2417
6275
6650
8101
7072
5661
2833
3655
733
3093
7754
942
1729
9824
5905
1669
123
5081
3957
8748
2646
9758
9763
5956
1212
4757
5443
3953
7525
913
9463
5438
889
6303
9980
6314
9364
9294
6906
7083
9237
5696
9124
4346
3846
2016
7834
3497
4637
7540
7138
6411
820
1623
5171
7632
1325
519
3054
7893
1403
5878
5453
1232
9199
4621
5949
8174
2848
6464
3530
9302
7627
1840
7180
2523
1326
893
6446
4471
8698
912
6611
6700
5027
2018
9091
1515
2816
8693
9344
3600
8403
699
4040
5048
7103
3841
5288
9170
7081
3969
1274
9203
7475
2818
1321
3499
6299
9933
6383
4294
7655
3261
985
1918
2737
9324
7574
6067
8097
6682
377
9150
1929
2988
8813
4032
1435
381
2531
6122
8143
395
7691
5743
3560
2602
9364
7107
893
7097
8233
9441
3973
2750
203
5991
3505
9045
618
4366
3239
3985
4720
3243
1366
6882
9399
8956
7040
6914
7595
9439
2158
3149
7003
381
1772
963
1413
6915
3862
4649
8013
6798
6420
7084
9580
142
4386
8170
1118
117
8529
3738
3941
9028
2993
6857
7457
4682
9394
4339
8522
7595
999
8265
3406
5243
8086
5744
4295
5669
5690
3520
3850
2739
2388
2893
2256
4795
6891
1630
5617
5037
9507
8537
4100
1309
9699
6467
8651
676
1295
2400
8323
7268
7767
4750
1849
3091
2600
4018
8475
8127
4951
8721
6341
7892
1466
5722
8261
6018
2546
4763
7718
3696
2861
7137
9060
6309
7656
2785
1397
9144
1175
5079
5129
2538
7622
8532
6603
420
7780
7135
2429
1086
4201
4039
6106
9932
2165
3634
2530
7690
1518
2623
5896
2947
3292
2251
51
6333
6043
3098
8908
7970
6568
2560
128
7093
2611
454
403
8117
5971
9913
4158
5538
814
5691
846
3644
6227
3001
7932
5534
6748
4212
802
1423
6328
4490
9627
4903
7394
5221
4353
8099
2361
8464
4565
2890
9196
5942
345
3682
6930
49
191
2856
6263
3686
7436
3253
6063
4740
1494
8473
4304
3065
1214
956
9450
5324
4054
3114
3100
3229
2487
7309
2603
3664
6671
8662
3469
5070
9643
1555
8800
80
8607
7863
5670
5814
940
7785
7137
6984
3483
2924
4433
5907
1571
8634
1307
6166
9001
1729
4830
9400
8043
8438
5539
4339
1846
8562
9608
7949
3463
6541
1769
1670
7913
1171
8391
9339
3903
1868
6138
788
252
4914
2067
1848
9724
787
2347
663
494
9229
1055
3731
5370
7658
4279
2897
5923
9051
3376
2101
2763
2747
9907
5091
5751
6831
4122
6401
7819
9037
7244
3851
5211
8810
4863
3385
9949
191
4628
6842
8673
1364
5316
4917
6902
1453
1257
6295
4351
2266
2537
4660
1153
5605
385
4711
6632
4002
2702
6039
4884
9929
6787
4686
4558
7610
1704
1044
930
3123
2018
8228
2073
7234
4335
8336
5530
7814
2506
4617
729
7632
4959
3889
1834
7834
6179
6500
8430
5501
2599
3091
6158
5128
8668
7391
2782
9772
2977
392
6898
2298
8430
65
1529
2627
466
7646
7911
1964
982
4414
7066
6783
8904
7116
2313
8998
1412
7880
2639
2472
942
556
7865
3396
2901
5294
9201
6607
2896
7943
5845
3816
6025
3489
931
8302
2979
4968
2174
7319
5525
7539
6574
3061
2569
1138
8181
1650
9104
4851
6559
7008
4389
4647
9917
4574
3853
2598
7439
7780
5688
8373
2979
3174
2443
4254
1299
1359
4193
4113
3456
6791
944
2666
1854
5329
9498
126
7765
4741
9475
4611
828
6649
8375
7994
1005
9944
1603
2243
4906
4720
155
4848
3904
25
4839
8888
4848
4139
6521
1390
6949
4586
594
3876
7688
3277
7992
3853
3759
6803
2236
3886
7801
6332
2954
9775
4829
4661
4070
7029
3589
6888
1769
671
4632
7252
8787
1733
8709
4131
1780
1539
6689
3597
6393
7185
3490
9619
6380
2911
5222
4791
6261
7994
4784
6956
9681
3497
304
8168
4358
2767
6159
7029
7894
8223
7077
3549
8148
8341
4405
2990
3493
1238
9243
5948
8173
5729
4016
6955
7042
5320
5478
3206
3263
9864
6517
8753
5093
2710
8663
4014
2530
2034
225
3458
533
3462
4038
3976
4554
6596
9631
1810
3548
918
1510
1732
8887
8131
1315
6276
6803
4314
9877
2629
7255
5555
2510
9174
8888
708
9287
879
8430
6803
8905
2907
2202
6124
8080
3518
4197
4749
6312
8678
6095
2553
3989
391
2308
6607
1787
7463
6067
5426
9964
3202
5932
1300
3647
4001
5046
2905
9261
6618
9439
3821
3298
2569
6177
9163
421
9122
9479
8198
7274
899
6295
1021
6060
6613
8178
1924
1306
8849
8575
4750
5421
3351
9930
8135
4135
2977
2895
4779
5894
915
4530
3540
1763
7885
9859
3389
3192
6333
56
3191
7116
1079
3152
7763
8265
3067
5604
188
6024
2438
4075
1753
7667
293
9246
3815
1708
5497
7947
4584
2417
2023
9072
8134
7937
3268
2002
8672
3302
7554
2982
5074
9545
7889
3015
2766
5074
1873
798
7561
8013
268
6356
4851
4910
4698
4956
214
2102
3478
6940
1626
7692
5229
3805
5728
7161
6978
7236
3022
4924
8078
9087
6074
1563
5940
1337
1432
410
9750
2495
4714
320
9613
539
1030
4167
4558
5426
9602
7047
2129
6804
8802
9121
1224
1944
5792
3192
6284
5546
305
5668
7420
547
7123
2034
8232
6700
5597
2083
849
3813
726
1606
8815
6224
5560
1504
3703
3080
84
6007
8474
2594
9632
9557
5677
3624
8094
6517
7346
9027
593
7211
5250
3088
9202
7600
4571
8908
6279
8475
629
1844
8880
4885
5614
6227
5771
8241
9519
6732
6228
3540
1454
417
9039
5827
6584
6339
3396
1873
6901
8849
2826
4853
5286
6806
829
4579
4644
2444
5810
3057
4784
3121
6652
1672
9793
8016
9149
124
8505
7638
2544
8311
7111
7176
5460
4941
218
1688
9783
3178
7151
1097
6415
8877
2706
7377
878
7113
2873
2481
4885
5389
5546
3653
7015
9711
3071
3889
1263
296
3092
3718
8469
9814
9094
7470
5636
7727
6928
6541
5998
8183
9792
5964
5182
6998
2701
4292
6983
6629
3700
5701
7394
4148
6690
2746
8185
308
5956
693
6426
2144
3708
6977
1456
7827
3675
9376
4456
5916
2401
4186
5150
2627
598
4760
736
8030
5694
5817
3512
1723
6557
1555
6508
1370
3845
2973
1523
7649
1282
3035
7168
6971
8398
8599
4743
8489
1156
1
3757
2975
4577
1475
3852
7842
3193
838
3999
2973
7378
2563
3531
3021
4939
8341
5892
8216
8750
3929
2611
1966
7873
3373
637
6261
6650
3002
56
8375
7051
7883
8830
5235
3874
4368
3317
9380
8080
9340
371
9988
3336
3029
8770
9560
3067
9738
4827
8797
401
4232
7840
6781
1465
1418
4295
5119
6031
5881
8153
8929
2823
7198
714
6760
4906
8974
5870
6501
4014
5623
5677
965
3720
9336
5668
8540
5080
6130
3710
8106
5398
8881
499
6825
420
8836
3882
2392
3553
1231
4305
6727
4799
9372
9366
5590
9910
3074
8683
8999
2024
1987
7856
1966
4616
8615
3647
8187
2327
78
300
169
1508
9104
3433
4797
4538
5861
1166
3533
7236
9176
5294
4113
7905
8079
9461
3153
7343
6810
2421
2754
8067
7259
7848
6351
8450
1979
6311
2915
1082
2398
9511
5548
8343
8577
6995
358
9172
6933
8139
3334
3425
2790
3995
6232
7076
1096
9139
9293
2197
6520
7605
8434
4146
4189
8874
5456
1578
169
7473
2671
4707
1817
2367
3254
1193
45
3542
8487
7166
7686
1581
1377
122
6799
8083
7857
312
3999
1965
5221
2545
4577
5902
5759
6470
7588
9102
3510
8266
3108
3826
4583
3569
1062
7988
5732
3608
6224
6717
5902
4022
6781
6141
9456
8158
9437
5301
2957
9918
167
6010
3078
1993
9196
4943
7248
5757
4474
3775
8546
849
8794
6126
5619
2571
185
5764
855
8402
2116
7296
4164
7159
1173
6218
2801
3643
2541
199
5628
1220
5779
9818
2417
1021
5512
4335
6953
9322
4962
9649
9635
1518
9199
1194
1226
5935
7922
4797
3327
3671
2176
3234
7686
8455
3064
4769
1663
2482
9514
4267
3775
8376
5360
9225
3817
2636
7696
7867
2422
568
5713
7882
3840
2379
2401
2993
2888
5353
5530
358
6247
2531
7820
4761
2687
315
8198
8833
5654
6688
5223
4952
4149
7673
8597
3655
4648
4271
9177
1650
2136
6576
1993
253
2597
5062
9068
5040
7996
3307
6567
788
9432
4728
5032
4185
3114
3443
5850
397
9517
8010
8503
3819
8553
581
6678
5366
9376
2978
5992
2121
8278
4698
1774
5393
2063
2261
433
8721
2819
4497
9156
5078
3726
9301
1298
4920
4353
8701
649
9731
6892
6016
7094
430
9833
540
6741
6646
7794
4200
900
6818
9222
6167
37
523
9217
8320
4853
5598
7261
4532
1535
899
7311
5446
500
9466
245
3281
849
7818
266
3991
9443
9619
2189
3259
3195
3073
4616
3850
3219
8193
9424
6608
7196
8380
5024
3842
1623
6641
2744
3564
1157
6461
99
7594
5031
7686
3129
9361
9520
7500
2590
884
1010
3407
7601
4409
9288
5778
6487
294
9995
8092
7457
5174
5642
6549
5001
7758
2866
1267
7115
9838
7090
9172
6458
273
5376
8717
373
8175
3184
9548
6671
4230
4282
1044
6012
5007
250
8210
5116
9634
244
9456
7790
2646
3568
7244
4189
9754
1097
1723
7428
5539
7542
5458
7599
9284
7419
9005
5496
222
4452
9035
5714
9114
9623
2121
5360
7923
5650
8229
413
1413
2089
8186
5953
832
9506
3659
8453
152
3789
6202
4505
451
9604
537
711
5814
7207
2392
7875
2460
528
7636
1064
4959
8245
4655
7448
9429
3339
456
817
7100
2993
1723
1114
5105
4734
3678
9173
6979
7338
8376
6367
6335
459
3608
3007
6861
5032
9991
8635
94
8873
8394
3262
2012
9686
4137
6266
5539
3626
3442
8390
595
2875
886
2617
2478
5288
3256
8435
4183
2730
2505
4035
7551
290
7681
2031
4934
8547
6361
928
6895
7668
2166
6063
6231
5649
1228
2209
790
2427
5014
8437
8841
8227
8495
6528
3319
8706
9811
8695
8090
1664
1783
1439
2379
848
6965
2941
7731
462
1739
7412
1708
832
6026
6918
6472
2533
3585
9760
4413
6246
3453
3380
2380
6478
2271
2980
3359
6191
4785
2948
6594
3885
7020
6624
593
5196
976
2065
764
4752
7451
6884
5586
2017
5445
1503
6898
6643
3179
1077
3191
6628
9493
7998
5501
7661
4494
9332
2506
7343
4060
6697
2360
5980
8568
4987
8066
9958
9896
5344
7367
9544
8418
1260
924
6337
8422
2559
7521
7592
7728
7780
3789
114
2589
5764
2086
4761
6541
9910
6532
6153
4953
8351
1407
4040
648
3284
220
325
884
8806
2662
2195
1996
8537
9077
2133
4468
8604
2053
5396
3960
1812
1766
9818
3243
7614
9490
4529
6939
4206
4068
2716
6317
2498
9377
9882
5262
1438
6237
7554
8222
6079
7571
1593
8136
8786
547
1487
1300
120
7553
9993
7076
8174
6910
9863
684
5988
2334
5393
4355
580
2717
8804
2057
2611
7936
5368
4848
7218
6297
7668
8667
4197
5198
6852
2170
2376
4147
1357
1140
2942
892
2887
8375
8310
9483
7179
3948
9225
6427
8998
6707
1601
5235
8655
916
7712
2525
6045
5012
1929
7998
1045
637
7531
9344
60
4724
5462
5589
3945
5799
2309
8579
3286
4334
8537
1715
6227
3053
2302
9444
3023
4698
8039
655
1533
9672
2143
6572
9722
9664
489
1618
1117
9601
6332
6481
3314
7421
5634
7695
9789
3953
8338
9180
5877
9090
1209
9131
530
3579
5767
4896
8192
3571
1337
150
2
1037
8778
5481
8106
6829
2536
5572
7649
4223
9162
5098
7742
3064
586
1043
6423
5123
16
1749
9923
2133
418
7200
7109
2922
2101
4428
3403
2433
1066
6833
9981
4941
604
3907
3297
1018
5320
218
9619
9712
9432
7432
2568
6339
6926
3654
810
589
3274
5258
3660
4574
2018
9328
8823
3122
1355
3422
6061
6564
6617
3974
4936
7710
3082
4396
6341
4688
3372
5002
6412
8248
4245
2316
2982
6926
4692
4768
4714
8357
2322
2483
7939
4361
3943
2824
6941
4281
3626
8589
4264
9377
1281
7142
1325
9875
7027
9308
5893
5274
6299
802
2799
9790
7345
1409
8642
2046
2500
4508
672
5628
9247
4870
9912
75
7172
9387
4273
4060
8742
1535
6281
5270
4741
6350
3446
5018
5946
438
8939
4387
4942
7698
5898
7302
5954
8139
409
2994
9974
7632
385
1572
5858
5530
6972
7845
1234
4077
642
1430
689
6894
9223
2643
619
8966
4805
444
4898
9255
7952
1579
7736
9012
4909
2921
3805
2683
8770
3777
7666
1082
3726
7115
7971
4294
6561
4261
8207
366
8891
738
6065
5440
2418
7296
9257
4205
446
4631
714
1180
9540
279
7021
7612
8586
1141
1223
2241
2108
3162
564
4031
670
2434
1941
6146
7818
8145
7079
6348
6418
6300
7820
5939
3634
1250
6071
8385
3717
8667
6338
6795
1686
2465
8223
65
5485
861
8811
3192
814
7813
680
4341
1739
8225
5784
3308
4849
7826
276
2799
897
9465
4573
6712
8446
8778
9377
3349
1357
7053
1274
2355
7721
4504
4726
5152
1444
6524
8127
7454
3397
9353
2160
1240
6135
6843
4066
1194
6082
7280
4214
7620
4192
1954
2626
204
9274
4188
1120
8814
7239
2494
4058
6160
7827
646
4047
4969
1931
786
4936
5475
4220
6181
4954
8069
9392
1958
3215
3849
8912
3010
7857
9051
976
8000
4584
8755
215
9989
9752
5234
1788
629
1857
1616
4665
7680
269
5145
9528
9939
5794
3432
1619
5030
7851
5461
7696
5925
8994
3767
436
8221
8960
6787
7610
7528
6979
5559
7320
4146
6512
1655
4792
7104
4242
8266
5970
5168
871
6049
3626
6130
1896
8633
330
2549
8486
9871
3319
3090
6512
1690
3464
4063
4070
1341
6312
705
4518
8378
9412
876
683
4087
230
1482
8266
1081
263
4177
2483
3640
8426
235
6811
1236
3214
5540
629
7232
9815
7630
8203
7685
5474
3416
3631
3984
89
4114
4906
7891
9083
4779
4075
975
244
830
2461
2967
23
7409
3692
3952
2138
3615
3078
5222
453
2800
5786
966
1561
7332
8517
8480
5498
8075
4006
9615
297
5645
7135
7790
7911
2702
8682
1810
8527
1736
3719
300
1659
2013
4620
7731
9158
8455
6851
6207
9635
9351
1576
1930
8815
7174
8180
3981
1275
8991
870
770
9206
7323
6669
7908
9770
2072
8285
8628
5473
1999
4687
80
6674
4858
5138
3454
2952
3804
5658
4838
8550
6971
2836
78
2886
7239
7806
6875
2772
4647
83
1394
4693
8958
3030
4878
949
4891
9570
6971
5368
2330
7704
3268
7982
7342
6752
5243
5076
8616
3130
7014
5214
8681
6336
3876
5292
6270
4757
4598
8626
402
6274
7011
9865
2378
3767
6882
3683
5554
9284
4471
2207
2476
5581
1354
9560
9485
9890
186
6480
506
1078
1800
603
7450
1396
1932
8051
2152
9857
5451
1045
6995
7252
3085
137
2244
825
5431
2255
6960
903
4168
4375
8362
4191
92
6520
6722
694
9016
8631
6240
4308
7224
9117
5188
933
806
1126
9608
2107
1767
451
7417
7773
9760
5234
2212
2225
668
9846
2551
3661
2269
7954
2142
6628
3374
6934
9149
1112
5643
2162
33
5949
1114
1254
6456
1588
7689
9407
2243
9070
3049
182
9766
6483
9037
1751
3477
5127
24
4862
9808
6355
3816
5228
1115
4447
1625
7733
5559
4773
38
2746
8332
5001
5650
4003
1398
5860
9773
6357
9628
6279
5654
2007
8987
7458
7769
7030
8609
2062
1484
6925
8095
5091
7542
8637
2713
465
3986
3453
9926
9896
1039
8680
7150
167
7449
5549
7113
5410
3733
7695
6661
2304
7137
9031
4095
758
5743
9863
9932
9098
2286
8103
4784
7373
2300
8875
7853
9712
857
5885
88
8472
6194
5193
6390
141
1880
7187
8765
1117
8234
6991
5879
5501
4530
9429
2690
5415
6417
7254
6349
4534
7476
2803
3643
2244
1100
8984
7188
1394
4402
8651
5139
9332
9934
2529
3045
688
8222
1624
9635
6954
2892
3457
5703
109
5210
3889
7788
7260
1164
5915
7810
6361
8667
4969
3102
6252
6220
9948
9397
4804
7322
6943
4521
7484
5116
5516
5076
8182
3744
4837
1985
578
7578
1078
6906
2418
6374
723
6707
2352
9333
2429
9879
9229
8959
8711
7776
5467
4006
2280
2377
9425
9591
7929
5316
5246
6558
8506
3642
3093
8113
9563
5281
3031
4522
3611
9747
6307
2933
1011
2761
9417
8657
7126
123
8036
6994
9898
2028
667
4414
7517
9126
4743
3460
2661
3822
1227
6377
5451
1268
1519
6225
9185
8910
3579
5505
4147
5664
2013
8754
8764
80
7392
4634
1879
1420
5263
1930
6436
7288
7565
825
8386
2296
5820
3263
235
9589
544
3970
4841
8869
6667
8698
2224
3324
9432
6021
5739
6970
9512
6834
7446
6513
3549
258
3700
3437
7021
9113
1671
9839
5962
341
1457
8174
1246
8231
6604
8982
1862
3551
3468
2454
8892
3961
347
4590
3248
6685
2409
2191
4642
4395
7835
4388
6735
8405
3844
4183
7586
5105
2729
3938
3939
4877
9541
5668
6849
5371
3007
6452
8844
6339
8714
4938
6746
3254
4377
552
9192
4203
5966
6739
5583
81
5925
5109
4863
6138
9038
6561
5815
1815
5157
141
3636
6467
1337
6812
9632
3760
6937
3249
4181
6124
3902
3975
5015
4620
7488
5139
6784
5922
4229
8225
1582
1336
7415
4288
2250
9072
1383
2350
7388
6315
9900
1067
7829
9111
7078
7517
3292
1568
9072
5942
1191
6825
4261
4391
2177
2428
1154
1115
1213
2352
3527
9698
5193
7033
156
5443
9642
2351
6140
4909
8429
8694
2343
2360
2843
6940
3074
7265
3449
1837
81
1862
4337
256
4371
8718
6941
9024
8274
978
1931
4855
2543
681
8854
5049
4757
8412
5668
6426
4526
3497
2865
8244
2098
1655
1749
2653
8520
7958
3402
6242
4465
6442
2055
3806
980
760
6868
6677
3241
9976
7737
7637
9434
8796
4985
3994
3663
4259
962
4759
5454
6306
583
5028
1196
1604
6500
8528
2280
639
8500
9764
6373
9068
3183
9899
4118
8821
1315
8483
7660
9924
1207
7500
7119
212
5152
979
6306
2782
5312
9942
3307
9865
5163
863
8274
2053
4593
1962
1932
6679
36
2764
4023
826
8930
7466
5177
1490
4882
7474
858
1978
6937
3713
3933
4904
1187
2461
9553
9125
7988
5474
2064
1904
822
4094
9070
451
8328
8823
4874
1030
1426
3981
4013
5496
6298
6769
8543
7233
8361
5707
7625
5963
3913
9323
1439
7569
1699
2190
5818
7237
2158
5945
1209
1081
6266
7965
6597
5582
3864
6594
8037
6759
740
3076
3
9296
203
2575
8097
1305
5934
7367
3413
4491
4838
4172
704
5467
9968
9083
6468
4002
2490
742
5912
5439
8339
1261
4449
8017
260
7981
1221
7987
281
8788
9186
7533
6538
5929
7270
9131
3096
6604
4098
5213
4834
2498
8401
2962
970
9536
6566
9651
2603
7791
3733
6713
8326
8809
6122
9650
9334
3238
2713
8863
4587
6129
5805
9491
2878
9028
1317
9591
1282
402
5860
2024
283
1188
8772
3011
3440
4970
7561
8917
7855
7099
8200
5444
8057
7427
5884
3617
3431
6128
6454
3008
6565
2347
3962
5496
9598
2875
7375
5858
5365
1989
2227
5497
5448
5261
6927
7941
3679
100
7082
1567
8995
9075
1058
7702
3417
699
8822
1216
5557
7010
6728
5858
2554
7193
6462
6948
7570
167
8834
1387
7356
2968
3889
7008
6073
9259
678
2490
4466
4336
913
7910
9051
5304
818
6876
9230
2317
1368
3956
4292
4311
8070
3284
267
3031
7714
633
5769
1496
660
1880
1327
1236
5680
9429
1839
9543
8452
3980
8788
1822
9415
5283
1100
1448
5810
1799
3652
905
2062
3116
9476
4704
6940
4121
5659
5505
9985
9158
2278
4108
3762
1892
8260
1851
1579
7848
4717
3565
1498
585
1362
3528
2464
1584
7681
4686
8786
7288
3411
6056
9648
9171
573
4278
711
8481
9513
7797
5308
7250
9967
7712
2931
3178
6886
5798
1629
5273
4608
8464
4316
8816
9706
5897
407
1369
2675
8605
8104
5774
2243
2129
1411
7156
1077
3713
3664
6292
867
692
2316
8922
1324
195
5952
1913
3869
9032
7382
9431
362
2409
8821
5932
7182
3634
5635
589
3244
5210
6808
1336
174
5914
5647
8726
6093
8634
9798
8961
2740
7240
2981
1015
9027
2466
2061
6584
9464
1570
1918
3993
9664
2659
3058
5820
9835
5363
5992
8624
7399
8064
9355
6408
734
2056
7578
1232
4954
2393
7906
2865
6862
3300
7375
9190
3592
9036
7898
6333
2038
8951
478
3546
5332
8455
6807
2379
3612
3455
5059
2639
8478
6288
924
2485
1121
3927
4139
3999
7515
5091
1863
8598
1216
7351
5736
9779
938
9818
8059
4217
3800
1096
5673
7736
2605
5398
170
7463
2728
3535
8017
805
8899
2783
6523
7157
4521
4350
7941
40
1241
8709
9531
987
3907
2017
1729
9861
7012
2908
3151
8763
1737
9346
8055
6509
8113
5134
3780
1580
1057
8165
8567
3111
8247
2296
7934
6729
7986
9681
4383
1299
3620
5319
7378
1696
2008
110
8765
2678
8181
2825
1925
9936
6597
9324
6515
4003
6110
8131
3021
726
2600
1803
4581
2116
6390
8973
6216
1512
375
8997
6343
7741
5313
6134
1615
5255
2492
9728
1762
4441
7583
5505
9848
4478
6557
4059
4041
2472
7511
5494
754
721
8066
9912
637
4945
927
4260
4184
1926
7429
5057
9348
8407
6019
5240
305
5023
4463
2358
882
3828
4091
5076
6504
8246
7872
4522
1216
5429
7716
1140
9820
5030
9519
5699
7645
5241
745
1685
5483
5715
88
4606
8584
3135
7925
4662
6742
476
7152
9955
2294
2364
5153
1051
3088
9017
8632
8336
5588
1833
4084
9407
6145
5905
4305
2007
4670
3197
1245
4586
1026
717
3597
8312
1629
7317
796
1514
5386
4444
2375
2448
3574
2223
9068
4711
2977
1531
8478
7979
8774
7909
2749
8794
590
6350
4383
8230
9422
8702
3589
3400
3038
820
1955
7446
1436
6272
3621
2758
1646
3756
7492
2629
1888
7524
1150
92
2914
8246
6106
7169
7344
589
4019
7958
7179
6993
7605
7153
8803
8894
878
9537
5972
6986
6879
7525
5052
1053
3683
4197
7971
4070
6517
6730
5229
4130
7732
3078
920
9756
150
6227
5118
2756
9209
7332
4821
8022
148
8314
7101
6179
4667
8833
7678
6704
9961
2957
2583
8100
6912
7579
2712
709
6463
2383
5424
2410
8821
3068
7486
5090
1513
8227
9238
2199
3446
359
6976
3875
384
7688
6327
143
2086
6333
2125
8505
8842
9144
2965
868
2501
7188
7364
1596
2345
5415
468
4285
2254
7950
329
8498
660
4691
8733
4532
8847
9318
8498
8814
3924
5416
5284
1507
1724
2735
3463
6504
8144
840
1507
5773
8311
881
7169
5685
8503
8800
9690
8488
8084
9555
1351
1962
4779
7819
7867
1900
8923
7045
1497
2096
3248
4092
199
2589
2768
1674
7454
5246
1775
634
9048
701
6283
2186
1102
838
8572
6186
9340
7501
808
3494
4566
7846
8324
702
6726
1413
9166
637
5711
7690
2678
1937
8336
6689
8666
3895
5762
6163
562
7347
732
5173
2888
6858
9959
8766
704
7080
5673
7971
8648
3139
5157
7789
4496
4622
329
8860
4633
1056
1083
1506
3782
3359
1083
1832
7213
4377
1347
8578
1755
4567
7981
1488
6923
6247
7007
2604
4085
1352
2199
140
8025
91
6334
1228
2700
1111
163
4819
6871
8904
2226
3174
9274
5477
3109
1358
4654
3742
2477
1749
9619
2754
4329
5438
8677
7269
9890
4696
6480
7487
1774
246
5652
9859
4723
155
8027
9591
4812
4956
5752
1913
8203
4254
2026
4632
9492
8346
377
8369
9427
9875
60
7315
2297
1664
4351
4963
8768
9104
469
6998
4429
9857
9487
858
1416
1939
6707
3427
3013
8481
1164
8594
2129
2075
2640
9929
6257
3166
3047
9552
5624
8210
6830
4434
6282
1760
9694
3229
5717
5921
9621
3648
3218
2344
9909
5458
4197
9947
1996
8907
1559
2964
4342
2543
5037
1578
9478
6778
2537
1756
3079
6103
2985
8911
7030
2347
2256
2263
7384
2893
3524
8205
3389
9350
4204
4200
6645
2265
3857
2755
1293
3718
7783
8866
5901
4486
7443
8057
931
9035
8826
8036
1292
174
8606
2230
851
7215
8205
6468
8298
3210
5744
4403
6664
4374
6065
3503
1680
3042
3261
3791
8441
9925
6329
5125
5095
6042
9915
5242
8029
1655
5773
3389
1826
5513
3000
2189
4775
1293
8238
3470
9187
5442
2984
3377
6984
1558
2752
6390
3175
6186
5754
6423
2012
6956
5239
281
8933
6498
7658
1159
9318
8275
6457
3429
2246
7364
6495
3358
1695
5161
3750
8946
5833
3543
455
3356
6980
1168
9498
5919
8029
4274
7917
3153
7673
1746
569
3640
9361
4960
2539
3535
1330
2473
3908
265
59
2639
3530
6363
8151
8035
3503
5255
6262
8503
4402
6650
216
837
8157
9458
5945
1315
6388
8149
4476
7802
2922
2424
303
7098
1204
3478
7623
2374
6340
5716
5352
5470
6688
8160
67
6377
3947
5925
7368
9292
7656
8276
2786
3997
5373
2193
2146
6754
1138
5986
3639
1455
8836
4266
9595
2027
1714
847
282
9433
1865
7934
3502
1459
203
6288
356
4237
3693
3135
2605
6384
6723
5114
5211
9215
3254
6496
4253
8091
5967
3211
4903
9654
5669
455
288
6926
1532
3660
5218
3240
4539
5821
5088
9890
5807
2142
5530
8756
3486
3771
9967
7137
2733
3136
4763
3269
8128
3195
412
8666
1789
8211
4403
735
9758
3938
5752
2318
855
3945
9437
5728
7854
3676
4297
3638
3875
2396
4185
548
4060
1688
9992
9071
7606
997
2324
6722
4964
2412
9488
7235
6060
5489
3181
1469
1244
745
481
8244
2046
1293
9449
1429
2667
6306
1356
2794
4813
4185
1883
831
5769
4822
1377
1776
7746
8531
4946
3229
5129
8399
5674
7454
6068
1398
4638
1823
1085
7745
9455
9516
4927
9182
619
2375
5231
5377
8723
2314
3595
7946
509
8179
2927
3760
7683
7276
5612
532
9771
8174
2979
6047
422
9146
7297
4288
2629
2858
2152
2243
7371
4523
1895
2179
265
119
2832
7300
5544
2884
7208
8182
869
3050
6818
7309
4342
5364
899
7595
7886
4215
8951
6119
3530
3670
3552
9789
2150
7568
1433
8420
676
7288
8834
9562
3281
9753
8448
5526
36
8397
9982
878
8739
9320
9697
5285
8240
8913
1183
6922
4228
9817
5149
8491
2073
3214
2174
5245
2272
9618
9979
6684
9463
1514
3272
3521
5748
8950
7763
6464
6468
2982
7596
9850
5176
9933
614
3554
2930
5789
8511
6014
2744
8943
607
9376
9546
8361
4675
4028
4822
5020
1387
4614
9524
6
8314
9574
5239
2169
5200
9301
1156
6221
3209
4499
7674
4248
6460
8949
3776
187
9621
4741
4936
1077
3788
5478
4952
2762
8795
9520
2141
3285
6924
3409
75
2370
5917
6826
3866
5637
221
458
9307
5834
4348
736
8192
6887
5877
3278
5539
5307
6355
5562
3662
2386
526
5856
8429
3469
4402
553
9013
8359
785
674
7396
4407
2278
4629
2760
8083
5248
4097
4621
5891
5597
9058
6763
3046
2607
875
483
9695
8113
2109
5077
5155
8179
159
5234
408
7639
6003
7
5866
8829
6123
5240
5277
9381
5968
7724
6914
1249
2527
3915
9327
4202
2656
962
7892
5373
3664
7267
4867
2929
3837
9486
5176
7828
892
8364
1076
505
2946
6223
8031
2187
7791
1133
1618
6591
3526
6819
5464
8613
5244
825
6558
9313
8477
9319
6665
2478
7169
5674
5060
9501
2718
9845
2657
5349
9967
7441
2209
9757
9207
5890
1775
5931
6417
2048
5183
9396
5122
3354
1450
9370
8440
7717
7826
475
5664
1150
8870
8731
5045
5804
1960
8416
9660
8093
1111
7353
8215
9395
1437
2767
2132
2271
2884
7876
2993
9706
9600
368
8677
6073
4906
7858
8414
2421
1141
4503
5372
5084
5764
9703
4563
8348
979
3260
382
7032
3983
4942
6005
7501
9067
7499
9102
4335
3356
7187
9736
2593
2727
6184
6544
8418
5
5391
5940
6900
5528
6866
3781
7113
5663
960
4349
919
4147
2993
438
5318
5024
4465
7404
2221
5106
7304
8508
1084
1669
2036
4242
6011
3884
2123
9364
6569
512
5981
4040
8607
1975
6195
7501
8979
9902
3547
3004
7030
5574
5312
7108
2718
3239
2368
6455
8306
2745
6666
5054
3376
8862
1310
198
5188
432
6867
9294
4462
8627
2378
1972
3266
5996
131
3246
1841
5020
2382
7397
4310
7195
7587
7278
8493
4240
2872
8582
7371
2834
8655
9769
8340
8067
3788
222
4839
6557
530
4339
6011
9056
7913
7352
3493
3160
6391
6739
7625
1921
2455
8666
4286
9240
1383
4766
4231
3010
8140
5177
1479
6982
117
2775
9190
350
8716
1591
8604
6661
905
2559
1659
116
9172
1351
952
8894
2589
4300
4142
3367
37
1565
8802
6739
892
7383
1425
5150
7061
2245
1123
5823
5963
1749
6050
6143
3329
9902
4961
5701
2944
9538
6353
4830
5539
8838
7494
3837
181
1578
2557
9509
8028
5754
608
2852
4439
785
3470
2723
234
5405
6882
7472
7543
9560
9019
7192
197
326
9326
8370
1708
8831
1857
1157
1666
9526
3010
6645
840
5474
8123
3844
1569
4626
6903
8789
4081
3630
3461
8053
6168
3677
716
1171
4276
4367
6989
2489
9432
4690
7892
6762
8537
1482
6255
6424
6811
4566
3840
9743
7540
1629
4363
7206
4108
7141
6560
6331
7252
1119
7488
2638
3702
8057
2518
604
951
8365
8699
537
4904
7231
9744
9013
3371
4861
8862
1423
8683
459
5242
3542
4319
9328
3588
608
5832
9282
4465
6929
9117
9838
8426
2433
1940
6219
4736
2911
7282
4847
63
8226
6370
3535
1271
3274
4447
3681
8652
3949
3652
28
5501
6772
1324
7750
4613
5602
466
3287
618
4482
8542
7816
520
4579
2754
979
4329
5801
5727
5408
6375
8675
885
6036
8296
6829
2578
1959
9108
1503
5635
2261
7242
8444
9547
7533
5226
8751
2837
9635
1609
8873
7427
9056
1827
5757
3396
8572
8615
6666
5220
9208
9212
3027
124
4801
1579
611
6536
9759
5581
280
9775
7079
910
2248
6682
5768
2872
5707
3753
7345
5267
5842
2087
4860
7439
9882
2747
9614
551
6654
3745
801
7148
711
1215
4374
8446
5636
2955
6149
7988
1208
4859
2198
8605
3098
6318
5818
5390
5723
9876
3341
7178
1289
579
6457
6901
3212
844
4108
4729
9901
7333
6270
9060
8405
5017
3235
9892
5407
7913
9070
4447
5398
9377
668
1678
7691
5100
8971
996
528
2489
3290
6139
8231
1573
1274
9745
3009
7800
5971
7561
4552
3146
8016
1258
3228
52
6732
4367
5486
8277
4524
2894
9868
4814
6281
7086
8793
2732
6681
9894
461
2273
3617
5714
305
6581
6830
1040
5716
8161
6872
5012
5779
2152
3600
3529
4111
2301
9968
5397
612
5237
94
2572
5264
4670
1805
686
378
9354
3125
949
5482
1969
4971
3656
7890
3659
1432
1903
1860
4081
1161
7681
89
7472
5316
6352
2662
1157
9409
7540
2670
1850
6185
1924
3855
2795
2406
4530
729
9013
6704
1016
7685
3970
9533
7437
8713
6615
8268
4200
2028
7094
8524
1855
540
3900
7571
7026
8547
7580
5028
7180
2533
112
2109
5836
9033
3279
9837
4270
5825
2009
2423
3552
2349
6875
8707
6619
6323
6212
7367
4444
5352
2958
7238
4742
9583
1504
8093
1206
9599
6822
7421
1655
2745
6269
9385
6131
6088
3837
5480
7401
7033
8086
59
8830
5741
7480
9892
2857
6193
8446
5708
1375
7543
843
7222
2014
2319
4081
1176
3856
4875
3351
1293
3794
4591
3016
9883
338
9801
3403
6219
1099
1719
1170
542
8168
5723
6979
6304
4145
229
9569
9367
4267
9776
1920
536
9512
448
2766
1089
5622
7182
1929
9169
9994
6581
9922
3269
2691
4338
3722
2933
6667
3931
5435
283
1337
6933
1600
2718
1959
6793
3947
3315
8641
2454
9144
3258
7788
1984
8165
121
3866
8552
9308
1468
5328
1998
1825
4045
2337
4698
5163
4397
9897
4352
2933
6307
9586
927
5289
3175
8963
5468
6069
6416
2707
5577
3260
7459
3963
5322
4479
7860
3357
4116
505
2056
7959
516
7537
2635
9018
5209
759
641
5959
2388
2552
910
7086
4572
7403
435
6441
9944
2228
9322
9064
9247
4238
7158
3817
1155
58
3528
8973
6318
423
1244
9017
9965
4943
8150
2295
6422
8648
9630
5953
1769
1600
5037
1662
5998
5046
9490
4897
6705
2105
9163
9281
4507
4710
2284
4323
6655
5202
4293
2810
2794
3735
6357
1256
6856
9568
3631
905
2718
1163
1311
9079
7226
6581
6446
6097
4109
8326
8067
2860
4503
4276
2375
8979
579
3572
8198
628
5922
9571
5566
1701
2436
4870
4981
526
9180
4290
355
8762
2547
4470
7582
1716
4665
2413
6577
8157
4573
1835
2267
9366
3242
8448
9072
4223
7195
8414
6901
8230
6380
488
3607
743
4672
9403
6880
5523
1661
1443
7732
5333
8320
7958
5948
2116
3496
3995
7467
1190
969
9046
2874
8814
1622
45
7153
8921
7562
1302
8036
5382
5661
2441
105
8816
5298
4487
5417
7179
5874
2389
6010
5304
4174
3674
7017
2010
5060
8321
3198
9258
9741
9784
5212
5327
9956
1510
7931
6184
7423
4441
7833
3319
1791
8567
9076
2182
261
7017
6055
1084
9202
5827
1893
4158
2376
1324
4608
8579
9031
5766
5556
1781
891
4267
8087
4234
4333
4389
5182
7533
1092
5468
24
5147
3864
9089
2063
4331
4976
8744
8049
8463
3854
9307
8553
9929
3370
8012
769
5425
6417
8251
1075
9537
6133
6050
7358
5652
769
4456
8876
9229
4662
3708
5181
9906
3923
9631
6662
6501
7887
3299
2702
1275
8953
5830
8062
5052
1290
7782
9166
5476
3705
9747
6013
1262
1723
3636
3845
6262
2227
9695
2328
3798
1939
282
2045
9510
4587
176
764
5517
8522
4406
3222
1114
3780
7879
4474
4383
7359
7479
9220
2405
8355
997
7399
518
6661
6228
3203
4771
8280
7677
363
9747
5464
3874
8847
883
9467
1804
1691
8628
2392
6516
9583
4310
7172
9644
967
9140
2934
4501
4354
1317
1194
3981
8344
9495
3476
8162
9632
2913
2895
9440
4566
1227
770
9342
1874
8303
4578
9327
3657
5110
1473
6629
1804
3004
8644
2512
8660
6456
1504
2454
488
9015
723
1619
8409
6257
4887
3297
7380
3855
4859
695
4810
6896
1545
8813
8279
5188
5201
134
5946
5417
4682
2767
2974
3419
7270
5048
1576
4323
3507
6612
1822
7730
5348
4614
5011
7822
1980
9091
6005
9259
7406
3193
7348
6138
5371
1380
7134
1849
3172
6812
6230
9702
2871
3082
7556
8528
1184
2035
7002
74
7950
948
7858
7404
2269
2459
9944
1453
8318
150
846
6406
9915
3422
1283
9734
7215
2699
1066
78
7023
3360
8302
2885
3301
4264
2581
8996
3272
2741
9351
6859
5323
8637
6718
6690
100
1585
9541
6015
1828
5109
3580
3460
4629
6219
5836
9469
2468
20
1950
1062
2553
9393
4426
7990
9139
7417
2534
104
1728
1392
6762
4722
4656
1541
9682
1944
4432
8746
3109
6233
5800
9330
5836
5814
8609
4115
3848
1117
1924
780
1885
6965
2007
8446
2612
3388
1108
3245
3986
5859
4132
6895
6504
4413
3963
4179
7796
6576
2945
4156
7660
1247
815
7262
8210
67
6986
8443
1892
9016
3141
3477
4030
64
6349
1121
1674
9954
6227
9436
3402
4352
1152
1599
5732
9995
1162
9331
2354
988
7128
5657
4032
7145
2117
8449
4931
2249
3080
6172
8207
2452
6395
9505
5566
1319
6645
4968
7542
3646
9222
6303
8862
8779
5331
9290
7361
8
2611
1807
9528
9695
389
9490
7769
3744
8421
5374
2349
515
6082
3258
3011
450
9113
8284
527
2328
4359
1322
9445
7486
3191
4097
795
2809
1607
2237
3392
2658
9981
7002
2065
8549
8587
2620
5577
2229
4589
5447
2059
5750
3530
3711
2435
5221
8053
4426
3159
4554
6531
7274
8929
1630
3416
3836
1873
4778
8731
641
754
6933
7904
3960
8258
4386
9567
3212
8122
7557
8387
1662
5192
2473
7664
7275
2200
7182
4717
1865
9578
4090
3524
6185
5076
5939
4633
6143
4843
4148
3429
2705
7191
6721
7354
9478
6431
1602
5099
92
4729
4883
47
60
260
5497
3917
5991
4399
6534
1109
6359
9451
2624
6978
9667
8316
1205
3593
8839
6928
9953
4959
785
9674
6096
8740
6785
1944
3832
809
6110
9680
9668
9062
6873
2742
9039
4365
2021
9277
3761
4538
3372
3297
7610
5020
7029
9435
6049
7161
4650
5826
3596
1906
4993
5004
9715
1241
2613
8115
6721
4796
9408
916
1316
3804
1462
1898
7355
5407
6953
8538
9851
4359
3243
6166
7630
5074
936
1347
3477
4139
1890
4377
5727
5639
7130
1290
2788
4494
4582
8678
6875
8463
3918
4074
8387
5190
7858
5076
2552
8300
3964
6798
1774
6678
2313
5347
1133
9695
1605
800
4195
1032
3695
9989
6452
9732
987
6943
8816
8120
2313
8815
3998
794
3508
8362
5201
2674
515
4564
5525
2863
4101
917
4498
4159
772
773
3534
6339
1910
3937
2737
6285
9148
6975
3305
238
6139
9473
8497
945
4607
392
783
4258
7460
2508
5332
7967
4493
2958
4575
8266
680
8474
1949
1706
7021
3140
855
5958
4742
6475
8776
3734
7697
6238
4625
1402
9697
199
1071
707
3510
5774
1819
1587
3332
460
4334
4735
1367
7897
7712
5920
6738
1536
2426
9337
6618
6803
141
2323
9708
4622
3339
2412
3389
1033
710
667
2061
6691
5309
302
3383
7420
3357
4169
7402
7676
7279
5536
8046
642
499
9454
1667
9557
1358
7778
8804
7796
3257
743
6766
7964
9684
6093
4465
9578
4610
6447
4854
6888
8725
6605
578
1311
6315
1813
3585
8735
2921
4720
1836
2365
3897
7850
9320
3344
8525
7048
1859
1877
8528
6982
2417
9932
4353
9196
4377
9499
9617
8923
8129
4665
9576
5321
2300
2992
4909
7312
9932
1875
9448
2253
5733
6443
8740
1449
3719
7641
7884
7217
2801
8709
9950
6613
5444
8137
6547
6647
4988
3355
6405
1467
5009
4938
7085
5244
3426
6948
6930
5530
2015
8513
9021
8241
550
552
7549
7429
2568
2684
5012
4808
2827
6143
3729
4555
8868
4377
9827
1132
686
9669
6853
9318
2420
3377
1296
3800
8889
5424
660
7287
5472
6546
1803
8385
9863
1587
6131
4490
2536
6990
6643
4521
8674
4800
5550
866
2027
5598
1583
8539
3611
8732
2277
989
1927
1481
639
6244
2383
575
8752
7773
5958
9184
5539
9051
6027
1475
7276
2258
5012
5421
436
2388
2819
91
950
1984
1456
6602
6890
9722
9285
3383
8342
71
5085
7273
4896
8734
2206
3405
2423
1849
7235
4345
1041
7011
4775
1567
6324
5660
2046
5900
9981
51
3336
4621
5397
817
6647
5809
3389
1524
3872
4561
6466
9780
3061
7687
1694
8217
331
2944
8367
4947
837
4901
5802
8234
3536
5829
9905
7756
7498
9761
2207
6230
5754
4285
7977
4421
4616
1746
3639
9369
8151
7103
5075
4745
6591
6069
2566
2020
6975
6886
4964
2954
5473
6311
2440
4505
2028
4204
9141
6454
5735
2894
1527
414
2434
4738
5300
1046
2494
1512
8495
2809
7881
3979
6837
3428
730
293
2049
14
1037
8793
2234
4014
4325
886
5341
8586
4964
1601
3431
6526
8683
3684
2723
7382
1330
5308
3254
3184
2105
6815
6955
2106
5058
9748
7846
9889
4160
7571
9511
3317
7117
4175
59
6155
2085
8397
6810
2975
6542
8635
278
3423
6256
8029
4318
294
4370
4795
7393
7894
5164
9892
8030
1443
2953
1900
3281
4604
7480
8302
2931
3480
1007
9392
3834
8930
3550
3848
6174
6182
1217
4846
7217
9719
1410
6456
7432
6701
6303
2116
1171
7310
9438
665
5428
7943
7819
8808
4008
5687
6049
4524
4906
9792
8085
2605
7307
8271
395
3670
7876
3627
8915
2069
6184
7608
2802
7235
6219
4697
7330
7762
5410
3825
9211
1698
2159
7287
1774
2920
160
4437
798
7395
7449
2332
8602
8113
3917
9040
2140
156
3043
2379
4964
4520
9404
2441
6841
5274
4348
9912
4116
1181
2514
719
373
1740
8466
7238
8617
2138
9333
3873
1445
3474
4269
4703
105
5335
5321
1808
4227
3811
6355
9998
4439
72
7730
8072
9918
5993
3017
9983
2505
2635
4503
9547
7216
1290
1776
5684
8241
669
2843
4821
4007
7418
2909
2536
1439
3269
6854
1055
5047
3879
8494
6175
8581
880
4740
4332
7447
1246
3979
2528
9620
9404
2129
6138
8554
5686
6850
8158
8705
9603
6576
9682
4960
7159
4878
5330
1305
6491
5414
9184
6893
3690
1798
5275
7789
5705
9545
7373
7255
7625
4620
4257
3498
4388
6229
2841
2941
9712
5826
7226
1595
176
2015
6909
2282
2332
7223
8306
8377
1316
9022
8231
5884
9425
8322
680
850
4264
9103
6837
7189
6817
2796
442
511
9540
2252
3061
4793
7055
2124
339
5111
6183
7103
5819
1565
3087
3683
9695
4909
2995
5158
7944
8964
7893
2709
6311
7580
2179
1313
6961
7586
9351
5288
1840
4007
4878
3909
965
8540
2373
4297
5300
6710
1182
6260
7883
9587
7417
7270
6947
9298
982
1769
3655
1463
6700
4277
4173
8279
9548
6550
7172
3709
5714
1299
7223
2329
3903
455
7712
4759
1367
6863
2638
7708
9652
9175
6264
5543
953
5603
543
8419
9417
4455
5266
6980
3943
5514
2252
7607
8029
2646
3954
9442
6621
4284
8123
9606
928
9985
9192
8506
6066
564
8232
7439
4965
5577
8656
9725
1091
2929
5640
9468
5173
7923
9700
3086
5044
8208
2612
8430
8876
9877
5879
6143
4322
6185
7590
2276
5830
1111
6547
1789
2353
8026
8097
1972
5551
8791
1544
4629
2518
6976
8669
6
7438
1462
2889
3592
7523
2304
7251
3267
3737
6753
4156
5415
3634
6895
3258
2548
2854
3754
5603
830
1117
8850
3948
9283
5280
4755
4598
2989
1822
6231
5495
100
5894
3985
1030
1875
257
6071
8328
8858
2160
8460
1583
6522
8180
6047
244
8677
4186
461
680
2212
3236
8013
5645
1
5662
6666
6495
6090
3488
3062
3454
1652
9399
6793
5577
4970
2821
5841
6723
2011
4523
5037
702
7161
7951
5879
954
91
4421
6856
9894
8576
2360
2619
257
1430
5468
7679
2447
3253
5491
935
5460
8764
2200
8486
2754
7688
9834
2865
8067
1735
2180
8027
9844
7864
3645
9574
8964
7164
2451
3612
167
2112
6845
8804
5847
6150
9525
2464
4739
5828
5261
5958
3815
4756
3810
9736
2097
9087
7468
6014
7682
2642
7764
9454
3632
1843
7068
4859
5053
6428
7916
8131
3142
3421
2074
2816
8209
2814
5437
9914
8658
1240
4680
9297
2920
748
4326
3902
2640
9988
7617
2173
4563
1491
4303
2448
8204
3714
3591
5217
9402
9353
8756
4580
3982
3948
8767
9066
7075
6764
44
3135
914
9494
1267
9221
609
896
8106
6410
792
8660
9999
6138
2120
1307
6578
3163
5649
7918
9066
5811
7030
8136
2811
6231
3737
3267
3840
3388
10
4441
3241
7477
7115
1838
8903
4536
9472
1835
844
4227
578
1225
898
7144
120
3906
2369
4305
6328
8606
5126
1758
4641
9815
4193
6733
341
8859
8757
665
1544
266
8945
2120
5428
9218
6337
6575
2049
1387
3367
940
8192
3388
845
8617
5475
8419
4864
3673
2486
1873
7884
1671
3867
2647
40
4182
7933
6572
2595
824
1584
6236
7592
1283
6680
7647
6283
6303
9161
7286
9914
5579
9479
5322
1616
831
7394
4540
6033
7977
6593
4723
824
7180
1190
2384
7298
5711
1136
2493
3099
8138
8030
9258
6856
8474
7992
2854
8590
993
563
935
9451
7070
639
1028
7408
3115
8714
8611
3263
9027
1545
3214
5275
6192
2668
9239
5127
9628
8161
5505
9287
2042
1280
2251
5489
8794
2859
8669
7727
765
7124
3837
4072
5078
5540
9769
3750
4790
9019
4941
2195
5750
5024
5242
7734
547
3253
9494
3162
2249
5712
1259
1554
9681
9771
1416
2718
6359
7913
8903
4842
9446
6919
2724
5752
5393
3671
3080
3764
3508
7594
2115
240
677
4131
7754
8445
3676
7746
3050
9583
2845
3285
4732
5386
9472
66
6212
1843
6104
4568
8742
6232
3709
9691
4208
1195
6985
3604
6989
7401
3380
7093
2377
3633
6435
4755
8616
8909
1145
22
2453
9781
9046
1852
1045
8927
3734
4815
4462
1482
2300
5248
9154
8533
5446
3126
2861
3454
9407
9195
7167
3872
2109
7616
7086
3586
3609
6969
2894
4388
5377
6539
8943
1663
6696
7206
3789
3074
240
7347
1189
8408
5115
257
2338
272
3003
1176
3571
2728
9211
6626
8793
1714
3154
4096
6830
724
4360
5674
3792
8449
7994
3893
3650
547
1729
5090
4264
9651
2843
5218
7337
2740
216
7145
9141
5429
6664
2602
4674
2336
1460
2508
9835
4718
5318
417
4947
3872
6343
5740
8016
5148
3189
1719
7892
3800
5438
9911
9816
4223
9949
885
2777
7366
1668
7049
2301
2310
899
9499
3266
9124
8667
6585
1716
5000
6866
1591
4692
1373
2451
3926
5784
4332
3454
142
4458
7720
7581
5236
8844
6972
4211
7676
2812
9214
9462
866
1062
6003
352
4942
9202
7486
3264
2330
8646
9248
728
4762
4001
921
2364
3207
2
7689
1595
3666
8482
7322
217
4206
7559
1379
4750
9724
5873
5786
3511
3983
5353
4561
7286
8529
5968
5698
8553
4730
9597
6881
7905
1425
3380
3520
7840
6019
5355
6905
9851
4852
7732
462
4134
3820
1834
4650
1181
7186
1536
6172
9080
5089
791
8769
2836
2639
3453
6394
4211
6537
522
1883
9889
5310
1900
3868
900
8792
8649
8882
553
6530
7242
9101
749
7049
4479
3850
7494
1750
7076
5766
2389
873
5870
5130
2797
1834
9123
2012
4511
3792
3951
3947
5593
4142
7401
6944
1495
7032
6462
926
3880
4871
1753
9602
3943
9320
3932
617
9325
1631
8597
2288
3459
3225
8
5038
9394
1389
8507
128
1105
9824
2534
5401
3052
1238
50
2106
734
3268
2980
4070
1911
6246
2520
5469
3192
3914
6795
9997
2169
7400
2762
3924
8053
7082
9012
6146
8091
2137
902
6941
7446
5353
6262
7931
407
4146
2188
7569
7777
8672
3559
604
2941
8119
345
9626
5553
3818
7040
9461
2394
3069
1535
3526
537
2343
5078
6198
6128
9184
3323
8043
5675
226
3639
9338
6387
5789
7371
6637
3356
3352
4797
1261
6252
1057
6119
2826
7368
2495
5387
442
4526
9592
8596
8088
4810
9596
42
9108
7756
7451
3922
8856
3066
2845
2306
593
8492
2064
4616
9553
4873
9292
339
1922
6665
92
6034
1073
7481
5849
98
46
9188
9950
6107
6375
1936
5689
5226
2943
4297
4246
5724
2928
5108
2820
5752
3998
9097
4110
3414
7629
5978
5605
6852
4163
6934
313
1124
6020
7510
1530
7377
3227
3629
327
1570
7075
7406
1007
5079
2235
3553
3409
7754
5148
1319
1803
5245
4258
6093
1209
3963
1970
1971
5395
8907
8477
374
4453
966
1217
8388
6270
3754
869
8725
772
5597
2518
6695
9250
1125
7010
6145
4909
5404
8080
346
7045
7849
4881
7773
6760
1325
7072
4409
7591
2450
7166
7721
1047
7490
1327
8695
5301
4910
9408
108
7721
9225
5002
3613
1534
9632
8176
7518
4936
2931
7948
3555
3145
4406
7491
5929
3896
3219
5354
2068
7183
8240
1424
1567
331
4004
1441
6605
5063
6990
3217
9483
249
6867
4443
3780
9804
3357
5440
1617
3597
6785
2167
4248
690
5183
658
7948
3584
6999
6044
1096
5217
8078
7078
3950
8640
5918
4040
6290
7990
692
3756
3754
251
8814
2368
6159
5149
3813
4249
2839
9371
2652
1277
8521
1563
3912
8524
1849
1867
9754
7601
1522
3462
7310
4523
2089
7373
862
8204
3182
1667
6255
4163
98
5859
5711
6158
2362
7524
1804
8360
8639
3830
155
9752
2264
587
6828
482
4509
8015
2849
5566
2459
9929
1715
2565
8291
1529
1072
3823
5271
4230
5978
3211
2566
2983
2572
6977
2942
9792
4310
8845
7748
7860
6519
2303
6129
7497
673
8040
7072
228
8506
9207
7318
7464
9082
3293
3823
3831
4087
1203
5366
483
4463
501
3583
6382
2117
4844
7783
1666
1719
8209
5375
8660
2153
9037
1384
3733
9362
5913
1956
159
6160
6747
9820
6857
1501
7191
5873
4241
2566
8342
457
4246
5321
1552
5880
9450
2400
9987
828
46
909
882
4025
3498
2524
1378
9499
7909
5388
6562
4386
3916
8685
7305
4251
2542
6520
857
1652
5571
308
1961
8867
919
7754
4120
8313
5560
6405
3438
9462
5029
6007
4141
4972
52
1942
8429
6856
5100
7288
605
6103
3469
9979
6103
8601
8048
1675
5471
5580
808
4235
2579
6615
452
5352
3902
1045
3424
9612
794
7162
8137
2929
9085
4842
5610
9983
2498
27
6386
256
6948
7770
5601
1422
4863
5633
4045
4212
2624
8358
1791
1007
1207
7376
6856
1611
1983
6193
7191
3709
6747
2898
3036
9998
8870
4931
6528
9819
9822
5093
3215
8585
9855
9879
203
5936
4399
8965
2982
6782
5624
9634
4354
1164
1667
1082
9715
7152
84
2592
1569
415
8608
9609
3739
770
6981
5644
775
7586
8875
4958
2611
254
4160
6039
2937
3599
6578
8617
7383
3076
3436
2047
3234
2653
343
3531
2228
2084
3877
3356
5913
5644
3750
9952
6893
4514
4375
4740
3339
4184
7540
8017
853
2757
9503
5823
4651
8006
1690
556
7349
2076
3253
5694
2369
7653
7832
9896
5996
2154
7270
9707
3360
9593
1812
9531
6273
8901
2971
4874
546
5523
2613
6419
1684
64
1710
2101
2508
3122
9886
4113
7526
8028
4626
4496
8696
1429
3849
2900
3365
1116
6851
5462
9416
4507
321
5318
6627
3525
9029
4445
9321
5690
6077
5175
9315
7676
9435
6341
6786
8786
8026
3926
114
95
1217
8802
7602
3975
4025
2802
1821
7395
8874
940
348
2045
1905
9967
4985
4531
8194
4059
3783
2244
9483
6616
4379
1396
2217
9473
7874
3544
7980
808
1024
1904
8280
3551
872
478
3637
4154
8532
1721
4833
1266
7354
480
4412
8665
5547
2754
4601
4157
3111
5504
1416
2036
3087
6342
5360
3323
6789
7716
4538
4492
7322
3439
2523
9528
7287
3034
3229
5430
3289
629
4317
873
4206
7256
2064
9285
2551
9798
67
8822
5160
3138
4648
9741
2512
2280
8323
3415
9052
6957
7929
1131
9973
2328
2433
8588
8393
1190
9076
682
4735
7774
2785
8206
7516
9787
1658
5572
391
6544
506
9170
1863
1329
7973
1319
659
9765
6270
2867
4746
3399
5442
8422
2048
8977
4660
9878
4825
6332
2883
2994
767
1113
6054
4558
8372
44
8727
3634
5945
1747
6681
3429
1446
9153
1392
7462
1568
446
7202
7149
8191
7835
4999
8151
9572
4847
4029
6869
893
7564
559
1042
2795
4728
5527
8852
8698
4783
5590
7803
256
4084
6848
5009
5600
5374
9135
2589
6302
4516
1759
5682
710
527
9407
2124
1077
9826
6442
642
6639
3515
5491
5356
1514
2348
3299
4469
53
2156
5685
5052
3998
1128
2728
4682
7648
3111
7631
6866
5280
8142
2265
5376
348
4622
8399
4996
1294
88
3326
8721
5495
9870
6649
3456
4946
191
3762
7281
1332
7636
9791
4022
9123
7072
9466
4918
8315
1176
9731
8610
8021
2731
9194
2604
3606
8753
771
512
1469
7190
6303
3343
9395
7030
3333
9933
4329
2075
3005
7305
4736
7972
1706
8949
7477
503
4176
6749
922
8033
3863
2001
9047
1566
549
6032
7865
1704
7470
1460
4905
268
2907
4173
2674
3473
2106
9148
9118
7524
7866
7901
4309
9638
5229
1364
8738
6730
604
6204
7846
1851
9455
3082
9035
1462
4990
7373
5252
3066
3785
7789
6959
9456
7271
1550
3409
2980
3528
2302
9814
5806
1211
664
1656
1145
2259
8773
5851
2264
2327
2688
7492
8493
7291
518
6885
1216
4711
6676
5107
4964
313
7375
4013
6646
6033
1017
6707
1190
1077
1865
7836
8795
5778
7873
3242
6177
39
7447
2431
3842
9486
1183
9860
6624
7711
946
6524
885
8903
8194
7392
283
953
6004
8977
1661
7126
5199
8054
2896
5121
3558
5804
7613
75
5381
106
4760
4259
7440
4998
2268
4036
6897
531
8655
575
4925
2476
4206
4876
1799
4129
2449
4428
8440
5207
5242
3282
8562
2315
7094
6989
4092
5946
3914
9675
9889
9661
7916
4482
8558
6699
1811
2205
3230
3270
6717
7825
8488
8649
9688
3436
2888
6006
7560
4902
7125
3339
9050
1011
7940
3314
5379
4940
8051
6833
1282
7916
1412
6763
5602
3833
4378
7925
5485
1806
5850
6283
9165
9906
4776
2157
5410
8255
3660
205
4892
5640
7210
9644
5070
8534
5419
1161
2319
7044
4206
2397
2789
4651
636
5322
4977
9435
9799
7915
7487
2011
6936
1843
2162
2684
4954
7758
4579
5254
2822
9132
5508
7511
5551
469
502
2876
5930
4392
9180
726
460
7204
8730
7551
2545
4387
6690
274
2998
8520
5172
9551
9759
7985
2818
8220
290
1510
8473
4957
1975
9874
6666
3198
4459
330
1493
2726
8781
2451
8061
2892
1897
4013
4185
2508
2278
3767
7830
2641
4062
9445
6605
4225
4449
412
2144
8150
9262
2949
4380
6962
9360
891
9570
7826
2567
8140
6035
9961
8628
1966
5119
9364
636
7573
4612
8706
9909
5686
2332
3012
3281
6230
3486
1899
3591
2791
7486
7232
2167
5981
6676
1554
8707
428
8682
9484
7805
312
8915
7457
2498
2309
1112
7505
2441
9137
8163
156
7472
175
8603
6408
9291
9138
2233
9417
6919
4104
4193
6336
1833
9314
3987
8236
6502
9594
4441
3564
3311
905
6284
8705
8883
6517
2045
9219
3062
4052
6538
306
7486
5468
8289
7950
5290
7435
7275
2832
8442
8054
498
8268
2840
9836
4733
8190
3802
822
9058
7495
697
7587
4423
54
4999
9917
5556
1899
8168
1127
4144
7358
1138
2646
5924
984
3516
6168
6250
4359
6890
5347
572
4551
4761
2880
5594
6304
4951
9396
477
6145
6767
3625
4469
6851
1357
8863
6384
2328
4579
2431
1547
520
4812
550
6044
3641
9384
923
1572
5271
7025
9049
6026
3518
8657
4415
9945
1368
2352
3548
8384
3427
1827
3021
1267
9038
817
2429
2260
5952
8777
2781
7810
9086
3092
4415
5945
9879
4978
7228
1256
9153
1612
7055
6674
3038
1267
5896
7115
1032
2384
4448
988
8752
8782
4858
4567
3311
1311
5794
3131
1190
4623
6486
2368
8252
124
6372
75
1571
6852
47
9844
4190
1654
1301
251
3981
8766
7870
3714
9743
39
9503
680
2858
4911
2363
2213
5229
4041
6075
7124
7512
9926
5374
4711
9310
7448
3841
5886
9287
618
487
7008
3733
3051
7258
4538
1547
8747
5728
2612
370
3055
6077
4703
1643
9680
8013
4080
9482
4334
7713
7198
3337
3244
903
3106
9241
188
5612
5005
2062
3001
2670
2519
2233
1021
2258
6380
2016
1250
2636
3482
6131
6919
4315
1544
961
8896
4958
5409
3266
4814
6111
7685
4507
8007
9134
6375
2558
7628
9499
1109
525
5925
3587
7872
3121
929
8334
7279
524
98
7778
4671
8894
950
3000
4923
7837
4401
2370
5080
9904
3828
5582
3113
7336
7895
9301
2623
4665
6316
9255
517
3255
1752
3605
624
8370
4238
1247
3773
84
1214
5957
8204
6182
5750
4008
404
3151
8524
6562
6432
6658
9912
7637
8496
1168
2694
3066
9949
3250
1803
4638
1028
9169
7371
1053
7963
5790
8265
5594
8653
4232
8057
6743
9297
9295
1760
6120
5369
1313
9323
6599
7774
9614
449
5676
324
8146
6988
1115
5186
9607
8154
2841
7189
7801
7936
7436
4591
7474
3146
8776
6905
8830
4558
8144
1080
2750
7064
6865
3697
2416
2169
926
3867
103
3188
2667
5856
9353
9342
6211
5115
6972
8189
4136
2232
4620
4635
8334
8812
231
3116
8887
3035
4316
5742
8752
6994
5379
1570
4280
1208
4552
6864
8994
5502
5600
6714
485
1025
7073
7472
5153
8888
9806
8905
9396
9040
4728
9514
8589
5527
1849
3981
3611
9465
1874
6855
9155
9485
8533
2528
1974
1583
4423
3196
6566
8479
579
3777
6991
8731
821
9164
6689
9257
93
8624
6578
6769
3192
4336
8424
5872
5676
3837
7228
5755
8460
6525
8665
537
3841
8559
1434
5692
4374
1516
3367
674
2856
8816
6856
8914
8431
9180
9356
2337
7239
6746
9071
3836
1663
8578
1269
1649
6856
5224
8117
8359
6263
4739
3964
1664
8069
9734
3462
7171
1975
5421
3892
6419
2038
1010
3289
5854
2499
1916
9003
8843
246
7816
9354
7638
7388
2544
9851
2739
4211
1610
8034
5974
8412
5364
2496
5254
3311
379
2110
2477
9187
3142
5321
1067
3969
2532
5089
6735
3451
3203
1995
7535
2404
2428
3939
9575
2750
119
3996
3497
5890
563
9801
5422
4890
3492
2025
9026
7999
9519
2998
7187
1411
8425
6432
4438
8869
6572
1445
9530
9552
1036
3360
8552
4081
874
4186
3120
7701
1388
4600
8441
9631
8081
7286
5716
1022
1560
9678
3929
7430
8233
7293
2549
364
7477
7358
2881
715
567
9962
8989
4059
7525
116
531
4876
6220
6837
5602
9574
3313
5078
4842
5722
7535
6941
9558
6158
9732
8175
2563
1436
6795
73
410
2601
5390
7175
3377
3476
4949
6624
8272
5121
5036
4275
5529
2780
5441
3008
4642
4763
8691
6388
3531
2997
8679
9555
5618
8627
2457
7356
8381
5755
7644
5929
7841
8197
8637
7018
6249
2847
7678
2704
1850
4922
4111
6791
6665
622
488
9049
6710
8790
6338
1615
6604
3849
775
7744
6655
350
9791
8152
7008
9021
3404
544
5961
6140
8126
7422
1515
1601
6890
8296
4559
8913
8183
7521
8801
2683
6344
8467
8740
6680
5878
4634
9180
4377
1041
1050
7927
4568
3324
1862
1480
6048
2307
1593
536
4570
405
3789
2752
8908
8812
5469
1921
9596
6909
5612
5686
8598
8504
3106
6629
2264
29
5753
9048
6205
369
5704
6687
6918
6355
281
6457
4083
8162
8780
8869
4636
5191
4993
435
6456
2224
4353
4026
6163
6853
3762
7991
1599
3771
4838
8874
401
9975
1935
6715
7609
2794
3592
9872
5937
2348
4299
7935
1735
6153
7954
7466
4956
7948
7528
8044
3721
3429
6191
8522
6025
1815
5049
960
9362
9395
5998
1342
6554
7155
7652
9661
8978
7477
9037
747
8488
4469
1778
6671
1323
5760
4348
9650
3357
6131
1210
8653
9590
5693
2501
6671
9099
3662
5725
5619
221
291
1399
5015
5088
8646
918
4345
2835
5523
41
9035
1468
1311
2307
9199
9217
90
5163
4961
8210
6232
9335
2258
2579
2854
7520
80
4489
3891
7416
6945
3543
6669
4859
8607
7527
1620
6201
2979
5025
6646
6832
8946
3683
8968
2823
977
8012
7591
6521
2249
2815
4566
9899
8783
549
8984
3596
2090
9351
9866
5284
2424
1316
3494
4141
1507
7445
5070
5174
2740
3634
1757
7478
7514
1916
6119
109
1370
2964
9090
5591
2963
2528
9863
8102
2908
612
5394
3539
8775
226
4446
7181
8127
3325
284
7809
9989
7974
8521
7516
3996
5398
5891
2949
8744
7163
8115
5737
4938
8224
3032
2837
738
203
6952
3078
7212
626
7351
3824
1978
719
3955
6673
4634
6178
8555
6260
5359
7463
5347
5306
4128
8767
6563
255
1754
8731
3523
7899
884
8870
230
1019
3822
3361
7044
4834
8172
4601
4477
3171
